Wavelenght(Ang)	3He(20atm)5mm0.00251g/cm3 Li6F:ZnS(Ag)450um(1:2)(0.44g/cm3) Li6F:ZnS(Ag)450um(1:3)(0.36g/cm3) Li6F:ZnS(Ag)250um
0.001	0.11	0.07	0.06	0.08
0.01	0.78	0.3	2.24	0.2
0.05	3.69	1.29	1.05	0.74
0.1	7.2	2.51	2.06	1.42
0.25	16.99	6.09	5.01	3.42
0.5	31.07	11.76	9.73	6.66
1	52.46	22.1	18.48	12.83
1.2	59.03	25.89	21.74	15.18
1.4	64.69	29.49	24.86	17.46
1.5	67.22	31.22	26.38	18.58
1.8	73.77	36.18	30.75	21.85
2	77.39	39.28	33.52	23.96
2.2	80.52	42.23	36.17	26.01
2.5	84.41	46.4	39.96	28.98
3	89.25	52.68	45.78	33.67
3.5	92.59	58.22	51.04	38.05
4.2	95.59	64.91	57.55	43.7	
5.0	NaN	71.25	63.64	NaN
